2 0.93046875 0.24375 0.0828125 0.284375
2 0.9390625 0.74296875 0.06875 0.3234375
2 0.41171875 0.725 0.0953125 0.453125
2 0.284375 0.271875 0.096875 0.446875
2 0.1171875 0.7453125 0.065625 0.425
2 0.33828125 0.740625 0.0828125 0.390625
2 0.6921875 0.72734375 0.059375 0.3453125
2 0.80859375 0.73828125 0.0734375 0.3515625
2 0.7609375 0.26015625 0.06875 0.4109375
2 0.259375 0.74921875 0.06875 0.3453125
2 0.06015625 0.73984375 0.0546875 0.2171875
2 0.61875 0.7359375 0.0625 0.4375
2 0.5546875 0.7546875 0.065625 0.396875