4 0.4328125 0.21484375 0.759375 0.1609375
4 0.43125 0.375 0.834375 0.14921875
4 0.509375 0.51796875 0.7015625 0.209375
1 0.9484375 0.55078125 0.06015625 0.20703125
3 0.87109375 0.7171875 0.19921875 0.13671875
3 0.6453125 0.71171875 0.19921875 0.134375
3 0.43046875 0.7125 0.1828125 0.13203125
3 0.20546875 0.70078125 0.146875 0.11796875
1 0.04921875 0.5890625 0.06953125 0.22578125
1 0.025 0.7796875 0.0453125 0.146875
1 0.1453125 0.828125 0.18515625 0.05546875
1 0.90859375 0.84609375 0.1828125 0.0625
1 0.77421875 0.5890625 0.14453125 0.10078125
1 0.5265625 0.84375 0.5625 0.09140625