4 0.89765625 0.37109375 0.2046875 0.5890625
4 0.8578125 0.5578125 0.21171875 0.58671875
4 0.65 0.48671875 0.209375 0.38671875
4 0.66796875 0.22734375 0.178125 0.44921875
4 0.521875 0.23203125 0.16796875 0.4546875
4 0.50625 0.671875 0.2328125 0.65625
3 0.3578125 0.60234375 0.15390625 0.1078125
3 0.31015625 0.5515625 0.16796875 0.11796875
3 0.3859375 0.4546875 0.165625 0.09140625
3 0.3390625 0.390625 0.16328125 0.09375
1 0.34609375 0.31484375 0.14453125 0.03359375
1 0.35 0.28125 0.13671875 0.03828125
1 0.7859375 0.2015625 0.03828125 0.1203125
1 0.6984375 0.19453125 0.040625 0.1296875
1 0.74296875 0.22578125 0.0484375 0.15859375
1 0.6734375 0.0875 0.03359375 0.12265625
1 0.7125 0.0796875 0.0265625 0.10078125
1 0.74609375 0.0828125 0.021875 0.0984375
1 0.77421875 0.08671875 0.03359375 0.1109375