4 0.4953125 0.1515625 0.7015625 0.2359375
4 0.8640625 0.49296875 0.228125 0.6203125
4 0.6265625 0.4734375 0.228125 0.47109375
4 0.3953125 0.484375 0.21875 0.4546875
4 0.146875 0.4859375 0.2453125 0.65859375
4 0.5171875 0.88125 0.6828125 0.21875
3 0.1453125 0.89921875 0.1078125 0.1296875
3 0.8546875 0.90390625 0.1421875 0.115625
3 0.30859375 0.68125 0.1421875 0.19453125
3 0.771875 0.68046875 0.125 0.15390625
3 0.23828125 0.38125 0.125 0.1515625
3 0.26328125 0.28125 0.12734375 0.10546875
3 0.65859375 0.22109375 0.16796875 0.1203125
3 0.69375 0.415625 0.0984375 0.1296875
3 0.77421875 0.3078125 0.14453125 0.1109375
3 0.67421875 0.9109375 0.12734375 0.1109375
1 0.51328125 0.35703125 0.0359375 0.18046875
1 0.29453125 0.9125 0.13203125 0.06953125