0 0.0453125 0.1828125 0.04296875 0.10546875
0 0.09375 0.1546875 0.04296875 0.0796875
0 0.115625 0.2140625 0.03828125 0.09140625
0 0.0515625 0.26953125 0.05546875 0.08203125
0 0.36640625 0.2125 0.040625 0.0984375
0 0.32578125 0.2515625 0.040625 0.103125
0 0.16484375 0.32578125 0.040625 0.09375
0 0.2046875 0.31953125 0.03828125 0.08671875
0 0.25 0.31953125 0.04296875 0.09609375
0 0.29296875 0.32421875 0.04296875 0.10546875
3 0.2765625 0.51953125 0.1109375 0.20703125
4 0.49609375 0.5625 0.165625 0.79296875
4 0.6515625 0.5203125 0.22578125 0.959375