4 0.334375 0.08984375 0.6390625 0.1515625
4 0.6875 0.21875 0.54296875 0.14921875
4 0.3328125 0.3125 0.603125 0.1296875
4 0.6859375 0.4171875 0.540625 0.1421875
4 0.33203125 0.51328125 0.60546875 0.12265625
4 0.67421875 0.61640625 0.49765625 0.1421875
4 0.30078125 0.703125 0.53359375 0.146875
4 0.7703125 0.75625 0.34375 0.12734375
1 0.85 0.29296875 0.18984375 0.053125
0 0.78359375 0.85 0.0484375 0.07421875
0 0.8390625 0.84765625 0.0484375 0.07421875
0 0.82578125 0.896875 0.05546875 0.0671875
0 0.90234375 0.915625 0.06015625 0.0671875
0 0.93984375 0.8734375 0.0484375 0.09375
0 0.9109375 0.828125 0.04296875 0.0890625
0 0.97109375 0.8375 0.0484375 0.0890625
4 0.4203125 0.8859375 0.375 0.0890625
1 0.35703125 0.94609375 0.25703125 0.084375