1 0.7859375 0.76796875 0.09609375 0.11796875
1 0.79296875 0.82265625 0.11484375 0.1875
4 0.3546875 0.2171875 0.68984375 0.36796875
4 0.33046875 0.32578125 0.55546875 0.4109375
3 0.40234375 0.31875 0.18046875 0.18984375
0 0.50390625 0.22734375 0.06015625 0.11328125
3 0.4375 0.453125 0.178125 0.18046875
3 0.5375 0.31875 0.11328125 0.103125
3 0.48828125 0.52890625 0.16796875 0.21640625
3 0.59140625 0.40859375 0.134375 0.14921875
3 0.6828125 0.4890625 0.14921875 0.165625
3 0.6984375 0.6359375 0.36796875 0.28125
3 0.803125 0.64765625 0.21640625 0.25234375
3 0.9328125 0.6203125 0.134375 0.1109375
3 0.93125 0.76796875 0.13671875 0.271875