1 0.7703125 0.79921875 0.44453125 0.1421875
1 0.4109375 0.68984375 0.08203125 0.615625
1 0.228125 0.703125 0.14921875 0.5890625
1 0.59765625 0.203125 0.0359375 0.37265625
1 0.6359375 0.1921875 0.03125 0.365625
1 0.6734375 0.203125 0.02890625 0.36328125
1 0.87109375 0.24765625 0.103125 0.0671875
1 0.87734375 0.3328125 0.10546875 0.06484375
0 0.2359375 0.2765625 0.0671875 0.21171875
0 0.10234375 0.20546875 0.12265625 0.36328125
1 0.515625 0.6921875 0.05078125 0.60546875
1 0.0546875 0.69296875 0.0703125 0.6125
1 0.12890625 0.69296875 0.04609375 0.6125