0 0.05859375 0.25078125 0.1171875 0.3734375
0 0.2359375 0.1875 0.134375 0.375
0 0.39375 0.159375 0.134375 0.31328125
0 0.60859375 0.146875 0.12890625 0.29375
0 0.7515625 0.15078125 0.15 0.30078125
0 0.93203125 0.1703125 0.13203125 0.340625
0 0.93125 0.7359375 0.134375 0.303125
0 0.790625 0.74609375 0.12109375 0.29375
0 0.66484375 0.73359375 0.12421875 0.3484375
0 0.52421875 0.7390625 0.12421875 0.328125
0 0.34609375 0.75859375 0.12421875 0.303125
0 0.184375 0.7921875 0.134375 0.34609375
0 0.06015625 0.7828125 0.1203125 0.34375