0 0.81953125 0.31171875 0.065625 0.08515625
0 0.7375 0.32421875 0.06015625 0.103125
0 0.64609375 0.3296875 0.0625 0.0921875
0 0.97109375 0.3578125 0.0515625 0.15625
0 0.5671875 0.36015625 0.08984375 0.16640625
0 0.89921875 0.36171875 0.0765625 0.17734375
0 0.35078125 0.365625 0.06796875 0.17734375
0 0.4875 0.36328125 0.0625 0.16640625
0 0.1796875 0.3625 0.06484375 0.17890625
0 0.4234375 0.365625 0.0546875 0.17734375
0 0.1078125 0.365625 0.0734375 0.17734375
0 0.26796875 0.3640625 0.07109375 0.175
0 0.034375 0.3796875 0.06796875 0.1703125
0 0.63359375 0.41640625 0.04375 0.0671875
0 0.6765625 0.41640625 0.0296875 0.07421875
0 0.7484375 0.4203125 0.0328125 0.0671875
0 0.71171875 0.42734375 0.0296875 0.0671875
0 0.12421875 0.4890625 0.02421875 0.05625
0 0.00546875 0.49140625 0.0109375 0.06015625
0 0.09609375 0.49140625 0.0234375 0.053125
0 0.065625 0.49296875 0.02734375 0.05703125
0 0.03359375 0.49296875 0.02890625 0.04296875
0 0.77890625 0.5015625 0.02734375 0.08125
0 0.22578125 0.53359375 0.07890625 0.08828125
0 0.94921875 0.5421875 0.0953125 0.1703125
0 0.38359375 0.54609375 0.0625 0.184375
0 0.4703125 0.54765625 0.09296875 0.18046875
0 0.6421875 0.54765625 0.08203125 0.18046875
0 0.72265625 0.54765625 0.06796875 0.18828125
0 0.82890625 0.5828125 0.01328125 0.04609375
0 0.8671875 0.590625 0.04609375 0.09609375
0 0.009375 0.59375 0.01875 0.08828125
0 0.8015625 0.5953125 0.0125 0.05546875
0 0.56796875 0.603125 0.04375 0.08515625
0 0.1109375 0.6015625 0.04140625 0.06796875
0 0.07421875 0.6046875 0.034375 0.06796875
0 0.040625 0.60390625 0.02578125 0.06640625
0 0.6515625 0.73203125 0.2484375 0.1734375
0 0.1328125 0.73203125 0.08984375 0.159375
0 0.03671875 0.734375 0.0734375 0.19140625
0 0.359375 0.734375 0.3140625 0.17734375
0 0.8921875 0.7359375 0.21015625 0.18046875
0 0.27734375 0.0421875 0.0953125 0.084375
0 0.98203125 0.04453125 0.0296875 0.08828125
0 0.15859375 0.04453125 0.09296875 0.08828125
0 0.390625 0.04609375 0.11484375 0.0921875
0 0.59609375 0.04765625 0.2484375 0.0953125
0 0.8484375 0.04609375 0.23203125 0.0921875
0 0.85546875 0.884375 0.07109375 0.11015625
0 0.14921875 0.88984375 0.1390625 0.0984375
0 0.38125 0.909375 0.1015625 0.1234375
0 0.7171875 0.9078125 0.1390625 0.17734375
0 0.9578125 0.91328125 0.07890625 0.16640625
0 0.2734375 0.91328125 0.0765625 0.16640625
0 0.48203125 0.91328125 0.08984375 0.16640625
0 0.6 0.91328125 0.10078125 0.16640625
0 0.0625 0.0546875 0.10390625 0.0671875
0 0.98203125 0.11875 0.0296875 0.04609375
0 0.03984375 0.1265625 0.04765625 0.0625
0 0.85234375 0.1453125 0.065625 0.10625
0 0.71953125 0.14609375 0.0671875 0.10703125
0 0.784375 0.16171875 0.06015625 0.08828125
0 0.3046875 0.184375 0.26484375 0.1703125
0 0.5625 0.18828125 0.24609375 0.17734375
0 0.925 0.1984375 0.0734375 0.1421875
0 0.784375 0.2390625 0.19609375 0.059375