0 0.87265625 0.034375 0.03203125 0.06875
0 0.171875 0.36640625 0.06328125 0.08203125
0 0.2515625 0.378125 0.0578125 0.09921875
0 0.33984375 0.38359375 0.0609375 0.0890625
0 0.9890625 0.3921875 0.015625 0.1265625
0 0.025 0.4109375 0.0453125 0.15078125
0 0.41640625 0.4125 0.0875 0.1609375
0 0.09296875 0.4140625 0.07421875 0.17109375
0 0.62265625 0.41796875 0.06640625 0.17109375
0 0.490625 0.41640625 0.0609375 0.1609375
0 0.790625 0.41484375 0.0625 0.17265625
0 0.553125 0.41796875 0.053125 0.17109375
0 0.8609375 0.41796875 0.07109375 0.17109375
0 0.70390625 0.41640625 0.06875 0.16875
0 0.90859375 0.04140625 0.03984375 0.08203125
0 0.93671875 0.43359375 0.07421875 0.1609375
0 0.3515625 0.4671875 0.0421875 0.06484375
0 0.3078125 0.4671875 0.02890625 0.071875
0 0.23828125 0.47109375 0.03203125 0.06484375
0 0.2765625 0.478125 0.02890625 0.06484375
0 0.9921875 0.04609375 0.0109375 0.0921875
0 0.8421875 0.5375 0.0234375 0.0546875
0 0.96640625 0.540625 0.028125 0.053125
0 0.86875 0.53984375 0.02265625 0.0515625
0 0.9890625 0.54140625 0.015625 0.06171875
0 0.89921875 0.54140625 0.0265625 0.0546875
0 0.92890625 0.54140625 0.028125 0.04140625
0 0.209375 0.55 0.0265625 0.07890625
0 0.74453125 0.58046875 0.0765625 0.0859375
0 0.04609375 0.5890625 0.0875 0.1640625
0 0.59375 0.5921875 0.0609375 0.178125
0 0.5109375 0.59453125 0.08984375 0.175
0 0.34375 0.59453125 0.0796875 0.175
0 0.26328125 0.59453125 0.06640625 0.18125
0 0.959375 0.0515625 0.0609375 0.06171875
0 0.1625 0.628125 0.01328125 0.04453125
0 0.12265625 0.63515625 0.0453125 0.0921875
0 0.96640625 0.63828125 0.03828125 0.084375
0 0.990625 0.640625 0.01328125 0.0890625
0 0.1859375 0.63984375 0.0125 0.053125
0 0.415625 0.646875 0.0421875 0.08203125
0 0.85625 0.64609375 0.03984375 0.065625
0 0.88984375 0.64921875 0.0328125 0.065625
0 0.925 0.6484375 0.025 0.0640625
0 0.33203125 0.771875 0.240625 0.16796875
0 0.834375 0.771875 0.0875 0.15390625
0 0.94453125 0.77578125 0.10546875 0.18828125
0 0.61484375 0.77421875 0.30390625 0.17109375
0 0.1015625 0.77578125 0.1984375 0.175
0 0.69453125 0.0734375 0.09296875 0.146875
0 0.01484375 0.075 0.0234375 0.15
0 0.80859375 0.075 0.0890625 0.15
0 0.584375 0.07734375 0.1109375 0.15390625
0 0.38515625 0.07890625 0.240625 0.1578125
0 0.14140625 0.07734375 0.225 0.15390625
0 0.1375 0.91953125 0.06875 0.10625
0 0.81640625 0.92421875 0.13515625 0.0953125
0 0.59296875 0.93828125 0.10078125 0.11640625
0 0.26875 0.9265625 0.13515625 0.140625
0 0.03828125 0.93125 0.07109375 0.13046875
0 0.6984375 0.93125 0.07421875 0.13046875
0 0.49609375 0.93125 0.0875 0.13046875
0 0.38203125 0.93125 0.09765625 0.13046875
0 0.9046875 0.11796875 0.10078125 0.06484375
0 0.975 0.11953125 0.0453125 0.075
0 0.01484375 0.1796875 0.0234375 0.04453125
0 0.925 0.1875 0.04609375 0.06015625
0 0.13984375 0.20546875 0.06328125 0.103125
0 0.265625 0.20546875 0.06484375 0.103125
0 0.20390625 0.22109375 0.0578125 0.0859375
0 0.96171875 0.0171875 0.0609375 0.034375
0 0.97890625 0.24140625 0.03671875 0.175
0 0.66796875 0.24296875 0.25625 0.1640625
0 0.41796875 0.246875 0.23828125 0.17109375
0 0.0703125 0.25703125 0.07109375 0.13671875
0 0.20390625 0.29609375 0.18984375 0.0578125