0 0.06640625 0.28515625 0.1328125 0.3859375
0 0.25625 0.2203125 0.13671875 0.3890625
0 0.41875 0.190625 0.13828125 0.325
0 0.64140625 0.16484375 0.13359375 0.3296875
0 0.78828125 0.1703125 0.15390625 0.33515625
0 0.9515625 0.1890625 0.090625 0.378125
0 0.9515625 0.78828125 0.09296875 0.3140625
0 0.8296875 0.79921875 0.125 0.30390625
0 0.69921875 0.7859375 0.128125 0.3609375
0 0.55390625 0.79140625 0.128125 0.33984375
0 0.3703125 0.81171875 0.128125 0.3140625
0 0.20390625 0.8328125 0.13984375 0.3296875
0 0.06875 0.82890625 0.13671875 0.3375