0 0.32421875 0.25390625 0.0078125 0.06796875
0 0.253125 0.34921875 0.0078125 0.06796875
0 0.3234375 0.34921875 0.0078125 0.0703125
0 0.28828125 0.35078125 0.0078125 0.06875
0 0.51484375 0.396875 0.06328125 0.1125
0 0.253125 0.446875 0.0171875 0.0703125
0 0.359375 0.54609375 0.0296875 0.05078125
0 0.32421875 0.54609375 0.03046875 0.05078125
0 0.234375 0.64453125 0.0640625 0.03046875
0 0.1640625 0.6453125 0.06328125 0.0265625
0 0.30546875 0.6453125 0.06484375 0.0265625
0 0.2296875 0.77734375 0.0359375 0.059375
0 0.15859375 0.77890625 0.05390625 0.01953125
0 0.35859375 0.78203125 0.01875 0.06640625
0 0.3234375 0.78125 0.0265625 0.0625
0 0.159375 0.86015625 0.05234375 0.028125