4 0.56015625 0.2234375 0.4515625 0.25
3 0.81484375 0.4015625 0.2640625 0.14921875
3 0.7875 0.56640625 0.24296875 0.13671875
3 0.734375 0.66328125 0.2671875 0.125
3 0.4421875 0.56015625 0.22578125 0.14453125
3 0.53359375 0.43515625 0.21640625 0.14453125
1 0.13125 0.28828125 0.084375 0.3078125
0 0.2765625 0.27734375 0.071875 0.334375
0 0.5453125 0.7671875 0.10078125 0.1390625
0 0.46015625 0.7765625 0.07421875 0.1390625
0 0.34765625 0.7796875 0.0796875 0.13203125
0 0.1359375 0.68046875 0.146875 0.08671875
0 0.22578125 0.77265625 0.125 0.11328125